Detection 1 of 1:

           Family: tag36h11
               ID: 1
    Hamming error: 0
         Goodness: 0.0
  Decision margin: 91.1979141235
       Homography: [[ 7.08134087e-01 -2.76832546e-02  1.00243844e+00]
                    [ 2.14958948e-02  7.02855761e-01  1.44647363e+00]
                    [ 8.43462270e-06 -1.37554086e-05  4.54916348e-03]]
           Center: [220.35665244 317.96475   ]
          Corners: [[ 70.69683075 158.55186462]
                    [380.24969482 167.37138367]
                    [370.36697388 477.75097656]
                    [ 58.89610291 470.03445435]]
             Pose: [[ 0.99959419 -0.02837964 -0.00246162 -0.05231511]
                    [ 0.02844181  0.99912545  0.03064964  0.051456  ]
                    [ 0.00158964 -0.03070722  0.99952716  0.31902165]
                    [ 0.          0.          0.          1.        ]]
        InitError: 1.2810153796
       FinalError: 0.825653601598
